62 -400.000000 460.000000 50.000000 90.000000 200.000000 0.000000 0 0 0 0 0 100.000000 1.839415 0.000000 0.000375 1 0.000000 1 0 0 PARADO 9 0.092956 0 
2 -1000.000000 -1000.000000 50.000000 90.000000 45.000000 
5 -10.364972 426.144043 50.000000 90.000000 60.000000 0.000000 1 1 0 0 0 100.000000 1.839415 0.000000 0.000375 1 0.000000 1 0.839353 0.000000 ANDA 11 0.042861 ö0.000000  
3 0.000000 0.000000 50.000000 90.000000 20.000000 
5 590.357117 310.000000 50.000000 90.000000 60.000000 0.000000 1 0 0 0 0 100.000000 1.839415 0.000000 0.000375 1 0.000000 2 0.839353 0.000000 ANDA 11 0.038773 ö0.000000  
3 0.000000 0.000000 50.000000 90.000000 20.000000 
5 1039.996094 460.000000 50.000000 90.000000 60.000000 0.000000 0 1 0 0 0 100.000000 1.839415 0.000000 0.000375 1 0.000000 0 0.839353 0.000000 PARADO 6 0.119440 ö0.000000  
3 0.000000 0.000000 50.000000 90.000000 20.000000 
5 1590.360840 460.000000 50.000000 90.000000 60.000000 0.000000 1 0 0 0 0 100.000000 1.839415 0.000000 0.000375 1 0.000000 2 0.839353 0.000000 ANDA 11 0.031372 ö0.000000  
3 0.000000 0.000000 50.000000 90.000000 20.000000 
5 1989.632446 460.000000 50.000000 90.000000 60.000000 0.000000 1 1 0 0 0 100.000000 1.839415 0.000000 0.000375 1 0.000000 1 0.839353 0.000000 ANDA 11 0.027738 ö0.000000  
3 0.000000 0.000000 50.000000 90.000000 20.000000 
7 90.357452 305.000000 60.000000 95.000000 60.000000 0.000000 1 0 0 0 0 100.000000 1.839415 0.000000 0.000375 1 0.000000 2 0.839353 0.000000 ANDA 3 0.024168  
4 -1000.000000 -1000.000000 25.000000 25.000000 40.000000 0 0.000000 0.000000 1 ATACA 0 0.000000 
7 489.632355 455.000000 60.000000 95.000000 60.000000 0.000000 1 1 0 0 0 100.000000 1.839415 0.000000 0.000375 1 0.000000 1 0.839353 0.000000 ANDA 3 0.020022  
4 -1000.000000 -1000.000000 25.000000 25.000000 40.000000 0 0.000000 0.000000 1 ATACA 0 0.000000 
7 1090.360840 455.000000 60.000000 95.000000 60.000000 0.000000 1 0 0 0 0 100.000000 1.839415 0.000000 0.000375 1 0.000000 2 0.839353 0.000000 ANDA 3 0.016274  
4 -1000.000000 -1000.000000 25.000000 25.000000 40.000000 0 0.000000 0.000000 1 ATACA 0 0.000000 
7 1489.631348 455.000000 60.000000 95.000000 60.000000 0.000000 1 1 0 0 0 100.000000 1.839415 0.000000 0.000375 1 0.000000 1 0.839353 0.000000 ANDA 3 0.011810  
4 -1000.000000 -1000.000000 25.000000 25.000000 40.000000 0 0.000000 0.000000 1 ATACA 0 0.000000 
7 1989.632446 455.000000 60.000000 95.000000 60.000000 0.000000 1 1 0 0 0 100.000000 1.839415 0.000000 0.000375 1 0.000000 1 0.839353 0.000000 ANDA 3 0.007947  
4 -1000.000000 -1000.000000 25.000000 25.000000 40.000000 0 0.000000 0.000000 1 ATACA 0 0.000000 
8 -550.000000 50.000000 50.000000 50.000000 1.000000 1.000000 parede 
8 -550.000000 100.000000 50.000000 50.000000 1.000000 1.000000 parede 
8 -550.000000 150.000000 50.000000 50.000000 1.000000 1.000000 parede 
8 -550.000000 200.000000 50.000000 50.000000 1.000000 1.000000 parede 
8 -550.000000 250.000000 50.000000 50.000000 1.000000 1.000000 parede 
8 -550.000000 300.000000 50.000000 50.000000 1.000000 1.000000 parede 
8 -550.000000 350.000000 50.000000 50.000000 1.000000 1.000000 parede 
8 -550.000000 400.000000 50.000000 50.000000 1.000000 1.000000 parede 
8 -550.000000 450.000000 50.000000 50.000000 1.000000 1.000000 parede 
8 -550.000000 500.000000 50.000000 50.000000 1.000000 1.000000 parede 
8 -550.000000 550.000000 50.000000 50.000000 1.000000 1.000000 parede 
8 -500.000000 550.000000 50.000000 50.000000 1.000000 1.000000 padrao 
8 -450.000000 550.000000 50.000000 50.000000 1.000000 1.000000 padrao 
8 -400.000000 550.000000 50.000000 50.000000 1.000000 1.000000 padrao 
8 -350.000000 550.000000 50.000000 50.000000 1.000000 1.000000 padrao 
8 -300.000000 550.000000 50.000000 50.000000 1.000000 1.000000 padrao 
8 -250.000000 550.000000 50.000000 50.000000 1.000000 1.000000 padrao 
8 -200.000000 550.000000 50.000000 50.000000 1.000000 1.000000 padrao 
8 -150.000000 550.000000 50.000000 50.000000 1.000000 1.000000 padrao 
8 -100.000000 550.000000 50.000000 50.000000 1.000000 1.000000 padrao 
8 -50.000000 550.000000 50.000000 50.000000 1.000000 1.000000 padrao 
8 0.000000 550.000000 50.000000 50.000000 1.000000 1.000000 padrao 
8 50.000000 550.000000 50.000000 50.000000 1.000000 1.000000 padrao 
8 100.000000 550.000000 50.000000 50.000000 1.000000 1.000000 padrao 
8 150.000000 550.000000 50.000000 50.000000 1.000000 1.000000 padrao 
8 200.000000 550.000000 50.000000 50.000000 1.000000 1.000000 padrao 
8 250.000000 550.000000 50.000000 50.000000 1.000000 1.000000 padrao 
8 300.000000 550.000000 50.000000 50.000000 1.000000 1.000000 padrao 
8 350.000000 550.000000 50.000000 50.000000 1.000000 1.000000 padrao 
8 400.000000 550.000000 50.000000 50.000000 1.000000 1.000000 padrao 
8 450.000000 550.000000 50.000000 50.000000 1.000000 1.000000 padrao 
8 500.000000 550.000000 50.000000 50.000000 1.000000 1.000000 padrao 
8 550.000000 550.000000 50.000000 50.000000 1.000000 1.000000 padrao 
8 600.000000 550.000000 50.000000 50.000000 1.000000 1.000000 padrao 
8 650.000000 550.000000 50.000000 50.000000 1.000000 1.000000 padrao 
8 700.000000 550.000000 50.000000 50.000000 1.000000 1.000000 padrao 
8 750.000000 550.000000 50.000000 50.000000 1.000000 1.000000 padrao 
8 800.000000 550.000000 50.000000 50.000000 1.000000 1.000000 padrao 
8 850.000000 550.000000 50.000000 50.000000 1.000000 1.000000 padrao 
8 900.000000 550.000000 50.000000 50.000000 1.000000 1.000000 padrao 
8 950.000000 550.000000 50.000000 50.000000 1.000000 1.000000 padrao 
8 1000.000000 550.000000 50.000000 50.000000 1.000000 1.000000 padrao 
8 1050.000000 550.000000 50.000000 50.000000 1.000000 1.000000 padrao 
8 1100.000000 550.000000 50.000000 50.000000 1.000000 1.000000 padrao 
8 1150.000000 550.000000 50.000000 50.000000 1.000000 1.000000 padrao 
8 1200.000000 550.000000 50.000000 50.000000 1.000000 1.000000 padrao 
8 1250.000000 550.000000 50.000000 50.000000 1.000000 1.000000 padrao 
8 1300.000000 550.000000 50.000000 50.000000 1.000000 1.000000 padrao 
8 1350.000000 550.000000 50.000000 50.000000 1.000000 1.000000 padrao 
8 1400.000000 550.000000 50.000000 50.000000 1.000000 1.000000 padrao 
8 1450.000000 550.000000 50.000000 50.000000 1.000000 1.000000 padrao 
8 1500.000000 550.000000 50.000000 50.000000 1.000000 1.000000 padrao 
8 1550.000000 550.000000 50.000000 50.000000 1.000000 1.000000 padrao 
8 1600.000000 550.000000 50.000000 50.000000 1.000000 1.000000 padrao 
8 1650.000000 550.000000 50.000000 50.000000 1.000000 1.000000 padrao 
8 1700.000000 550.000000 50.000000 50.000000 1.000000 1.000000 padrao 
8 1750.000000 550.000000 50.000000 50.000000 1.000000 1.000000 padrao 
8 1800.000000 550.000000 50.000000 50.000000 1.000000 1.000000 padrao 
8 1850.000000 550.000000 50.000000 50.000000 1.000000 1.000000 padrao 
8 1900.000000 550.000000 50.000000 50.000000 1.000000 1.000000 padrao 
8 1950.000000 550.000000 50.000000 50.000000 1.000000 1.000000 padrao 
8 2000.000000 550.000000 50.000000 50.000000 1.000000 1.000000 padrao 
8 2050.000000 550.000000 50.000000 50.000000 1.000000 1.000000 padrao 
8 2100.000000 550.000000 50.000000 50.000000 1.000000 1.000000 padrao 
8 2150.000000 550.000000 50.000000 50.000000 1.000000 1.000000 padrao 
8 2200.000000 550.000000 50.000000 50.000000 1.000000 1.000000 padrao 
8 2250.000000 550.000000 50.000000 50.000000 1.000000 1.000000 padrao 
8 2300.000000 550.000000 50.000000 50.000000 1.000000 1.000000 padrao 
8 2350.000000 550.000000 50.000000 50.000000 1.000000 1.000000 padrao 
8 2400.000000 550.000000 50.000000 50.000000 1.000000 1.000000 padrao 
8 2450.000000 550.000000 50.000000 50.000000 1.000000 1.000000 padrao 
8 2500.000000 550.000000 50.000000 50.000000 1.000000 1.000000 padrao 
8 2550.000000 550.000000 50.000000 50.000000 1.000000 1.000000 padrao 
8 2600.000000 550.000000 50.000000 50.000000 1.000000 1.000000 padrao 
8 2650.000000 550.000000 50.000000 50.000000 1.000000 1.000000 padrao 
8 2700.000000 550.000000 50.000000 50.000000 1.000000 1.000000 padrao 
8 2750.000000 550.000000 50.000000 50.000000 1.000000 1.000000 padrao 
8 2800.000000 550.000000 50.000000 50.000000 1.000000 1.000000 padrao 
8 2850.000000 550.000000 50.000000 50.000000 1.000000 1.000000 padrao 
8 2900.000000 550.000000 50.000000 50.000000 1.000000 1.000000 padrao 
8 2950.000000 550.000000 50.000000 50.000000 1.000000 1.000000 padrao 
8 3000.000000 550.000000 50.000000 50.000000 1.000000 1.000000 padrao 
8 3050.000000 550.000000 50.000000 50.000000 1.000000 1.000000 padrao 
8 3100.000000 550.000000 50.000000 50.000000 1.000000 1.000000 padrao 
8 3150.000000 550.000000 50.000000 50.000000 1.000000 1.000000 padrao 
8 3200.000000 550.000000 50.000000 50.000000 1.000000 1.000000 padrao 
8 3250.000000 550.000000 50.000000 50.000000 1.000000 1.000000 padrao 
8 3300.000000 550.000000 50.000000 50.000000 1.000000 1.000000 padrao 
8 3350.000000 550.000000 50.000000 50.000000 1.000000 1.000000 padrao 
8 3400.000000 550.000000 50.000000 50.000000 1.000000 1.000000 padrao 
8 3450.000000 550.000000 50.000000 50.000000 1.000000 1.000000 padrao 
8 3500.000000 550.000000 50.000000 50.000000 1.000000 1.000000 padrao 
8 3550.000000 550.000000 50.000000 50.000000 1.000000 1.000000 padrao 
8 3600.000000 550.000000 50.000000 50.000000 1.000000 1.000000 padrao 
8 3650.000000 550.000000 50.000000 50.000000 1.000000 1.000000 padrao 
8 3700.000000 550.000000 50.000000 50.000000 1.000000 1.000000 padrao 
8 3750.000000 550.000000 50.000000 50.000000 1.000000 1.000000 padrao 
8 3800.000000 550.000000 50.000000 50.000000 1.000000 1.000000 padrao 
8 3850.000000 550.000000 50.000000 50.000000 1.000000 1.000000 padrao 
8 3900.000000 550.000000 50.000000 50.000000 1.000000 1.000000 padrao 
8 3950.000000 550.000000 50.000000 50.000000 1.000000 1.000000 padrao 
8 4000.000000 550.000000 50.000000 50.000000 1.000000 1.000000 padrao 
8 4050.000000 550.000000 50.000000 50.000000 1.000000 1.000000 padrao 
8 4100.000000 550.000000 50.000000 50.000000 1.000000 1.000000 padrao 
8 4150.000000 550.000000 50.000000 50.000000 1.000000 1.000000 padrao 
8 4200.000000 550.000000 50.000000 50.000000 1.000000 1.000000 padrao 
8 4250.000000 550.000000 50.000000 50.000000 1.000000 1.000000 padrao 
8 4300.000000 550.000000 50.000000 50.000000 1.000000 1.000000 padrao 
8 4350.000000 550.000000 50.000000 50.000000 1.000000 1.000000 padrao 
8 4400.000000 550.000000 50.000000 50.000000 1.000000 1.000000 padrao 
8 4450.000000 550.000000 50.000000 50.000000 1.000000 1.000000 padrao 
8 4500.000000 550.000000 50.000000 50.000000 1.000000 1.000000 padrao 
8 4550.000000 550.000000 50.000000 50.000000 1.000000 1.000000 padrao 
8 4600.000000 550.000000 50.000000 50.000000 1.000000 1.000000 padrao 
8 4650.000000 550.000000 50.000000 50.000000 1.000000 1.000000 padrao 
8 4700.000000 550.000000 50.000000 50.000000 1.000000 1.000000 padrao 
8 4750.000000 550.000000 50.000000 50.000000 1.000000 1.000000 padrao 
8 4800.000000 550.000000 50.000000 50.000000 1.000000 1.000000 padrao 
8 4850.000000 550.000000 50.000000 50.000000 1.000000 1.000000 padrao 
8 4900.000000 550.000000 50.000000 50.000000 1.000000 1.000000 padrao 
8 4950.000000 550.000000 50.000000 50.000000 1.000000 1.000000 padrao 
8 5000.000000 550.000000 50.000000 50.000000 1.000000 1.000000 padrao 
8 5050.000000 550.000000 50.000000 50.000000 1.000000 1.000000 padrao 
8 5100.000000 550.000000 50.000000 50.000000 1.000000 1.000000 padrao 
8 5150.000000 550.000000 50.000000 50.000000 1.000000 1.000000 padrao 
8 5200.000000 550.000000 50.000000 50.000000 1.000000 1.000000 padrao 
8 5250.000000 550.000000 50.000000 50.000000 1.000000 1.000000 padrao 
8 5300.000000 550.000000 50.000000 50.000000 1.000000 1.000000 padrao 
8 5350.000000 550.000000 50.000000 50.000000 1.000000 1.000000 padrao 
8 5400.000000 550.000000 50.000000 50.000000 1.000000 1.000000 padrao 
8 5450.000000 550.000000 50.000000 50.000000 1.000000 1.000000 padrao 
8 5500.000000 50.000000 50.000000 50.000000 1.000000 1.000000 parede 
8 5500.000000 100.000000 50.000000 50.000000 1.000000 1.000000 parede 
8 5500.000000 150.000000 50.000000 50.000000 1.000000 1.000000 parede 
8 5500.000000 200.000000 50.000000 50.000000 1.000000 1.000000 parede 
8 5500.000000 250.000000 50.000000 50.000000 1.000000 1.000000 parede 
8 5500.000000 300.000000 50.000000 50.000000 1.000000 1.000000 parede 
8 5500.000000 350.000000 50.000000 50.000000 1.000000 1.000000 parede 
8 5500.000000 400.000000 50.000000 50.000000 1.000000 1.000000 parede 
8 5500.000000 450.000000 50.000000 50.000000 1.000000 1.000000 parede 
8 5500.000000 500.000000 50.000000 50.000000 1.000000 1.000000 parede 
8 5500.000000 550.000000 50.000000 50.000000 1.000000 1.000000 parede 
50 300.000000 530.000000 50.000000 50.000000 40.000000 
50 325.000000 530.000000 50.000000 50.000000 40.000000 
50 800.000000 530.000000 50.000000 50.000000 40.000000 
50 825.000000 530.000000 50.000000 50.000000 40.000000 
50 1300.000000 530.000000 50.000000 50.000000 40.000000 
50 1325.000000 530.000000 50.000000 50.000000 40.000000 
50 1800.000000 530.000000 50.000000 50.000000 40.000000 
50 1825.000000 530.000000 50.000000 50.000000 40.000000 
50 2300.000000 530.000000 50.000000 50.000000 40.000000 
50 2325.000000 530.000000 50.000000 50.000000 40.000000 
44 -50.000000 516.144043 80.000000 50.000000 1.000000 1.000000 flutuante1 0 550.000000 400.000000 0 1 0.000000 -0.037500 
8 100.000000 400.000000 250.000000 10.000000 1.000000 15.200000 madeira 
44 586.102600 400.000000 80.000000 50.000000 1.000000 1.000000 flutuante1 1 610.000000 450.000000 1 0 -0.037500 0.000000 
47 -225 5450 150 250 ========== 
