62 -380.086945 460.000000 50.000000 90.000000 200.000000 0.000000 0 0 0 0 0 100.000000 0.838951 0.000000 0.001474 1 0.000000 1 0 0 PARADO 0 0.131171 0 
2 -1000.000000 -1000.000000 50.000000 90.000000 45.000000 
5 49.662903 460.000000 50.000000 90.000000 60.000000 0.000000 1 1 0 0 0 100.000000 0.838951 0.000000 0.001474 1 0.000000 1 0.838951 0.000000 ANDA 5 0.098663 0.000000  
3 0.000000 0.000000 50.000000 90.000000 20.000000 
5 549.663025 460.000000 50.000000 90.000000 60.000000 0.000000 1 1 0 0 0 100.000000 0.838951 0.000000 0.001474 1 0.000000 1 0.838951 0.000000 ANDA 5 0.091505 0.000000  
3 0.000000 0.000000 50.000000 90.000000 20.000000 
5 1049.662231 460.000000 50.000000 90.000000 60.000000 0.000000 1 1 0 0 0 100.000000 0.838951 0.000000 0.001474 1 0.000000 1 0.838951 0.000000 ANDA 5 0.085177 0.000000  
3 0.000000 0.000000 50.000000 90.000000 20.000000 
5 1549.662231 310.000000 50.000000 90.000000 60.000000 0.000000 1 1 0 0 0 100.000000 0.838951 0.000000 0.001474 1 0.000000 1 0.838951 0.000000 ANDA 5 0.078684 0.000000  
3 0.000000 0.000000 50.000000 90.000000 20.000000 
5 2049.662842 460.000000 50.000000 90.000000 60.000000 0.000000 1 1 0 0 0 100.000000 0.838951 0.000000 0.001474 1 0.000000 1 0.838951 0.000000 ANDA 5 0.072938 0.000000  
3 0.000000 0.000000 50.000000 90.000000 20.000000 
5 2549.662842 460.000000 50.000000 90.000000 60.000000 0.000000 1 1 0 0 0 100.000000 0.838951 0.000000 0.001474 1 0.000000 1 0.838951 0.000000 ANDA 5 0.065078 0.000000  
3 0.000000 0.000000 50.000000 90.000000 20.000000 
5 3049.662842 460.000000 50.000000 90.000000 60.000000 0.000000 1 1 0 0 0 100.000000 0.838951 0.000000 0.001474 1 0.000000 1 0.838951 0.000000 ANDA 5 0.058644 0.000000  
3 0.000000 0.000000 50.000000 90.000000 20.000000 
7 49.662903 455.000000 60.000000 95.000000 60.000000 0.000000 1 1 0 0 0 100.000000 0.838951 0.000000 0.001474 1 0.000000 1 0.838951 0.000000 ANDA 4 0.073057  
4 -1000.000000 -1000.000000 25.000000 25.000000 40.000000 0 0.000000 0.000000 1 ATACA 0 0.000000 
7 549.663025 455.000000 60.000000 95.000000 60.000000 0.000000 1 1 0 0 0 100.000000 0.838951 0.000000 0.001474 1 0.000000 1 0.838951 0.000000 ANDA 4 0.062031  
4 -1000.000000 -1000.000000 25.000000 25.000000 40.000000 0 0.000000 0.000000 1 ATACA 0 0.000000 
7 1049.662231 455.000000 60.000000 95.000000 60.000000 0.000000 1 1 0 0 0 100.000000 0.838951 0.000000 0.001474 1 0.000000 1 0.838951 0.000000 ANDA 4 0.049236  
4 -1000.000000 -1000.000000 25.000000 25.000000 40.000000 0 0.000000 0.000000 1 ATACA 0 0.000000 
8 -550.000000 50.000000 50.000000 50.000000 1.000000 1.000000 parede 
8 -550.000000 100.000000 50.000000 50.000000 1.000000 1.000000 parede 
8 -550.000000 150.000000 50.000000 50.000000 1.000000 1.000000 parede 
8 -550.000000 200.000000 50.000000 50.000000 1.000000 1.000000 parede 
8 -550.000000 250.000000 50.000000 50.000000 1.000000 1.000000 parede 
8 -550.000000 300.000000 50.000000 50.000000 1.000000 1.000000 parede 
8 -550.000000 350.000000 50.000000 50.000000 1.000000 1.000000 parede 
8 -550.000000 400.000000 50.000000 50.000000 1.000000 1.000000 parede 
8 -550.000000 450.000000 50.000000 50.000000 1.000000 1.000000 parede 
8 -550.000000 500.000000 50.000000 50.000000 1.000000 1.000000 parede 
8 -550.000000 550.000000 50.000000 50.000000 1.000000 1.000000 parede 
8 -500.000000 550.000000 50.000000 50.000000 1.000000 1.000000 padrao 
8 -450.000000 550.000000 50.000000 50.000000 1.000000 1.000000 padrao 
8 -400.000000 550.000000 50.000000 50.000000 1.000000 1.000000 padrao 
8 -350.000000 550.000000 50.000000 50.000000 1.000000 1.000000 padrao 
8 -300.000000 550.000000 50.000000 50.000000 1.000000 1.000000 padrao 
8 -250.000000 550.000000 50.000000 50.000000 1.000000 1.000000 padrao 
8 -200.000000 550.000000 50.000000 50.000000 1.000000 1.000000 padrao 
8 -150.000000 550.000000 50.000000 50.000000 1.000000 1.000000 padrao 
8 -100.000000 550.000000 50.000000 50.000000 1.000000 1.000000 padrao 
8 -50.000000 550.000000 50.000000 50.000000 1.000000 1.000000 padrao 
8 0.000000 550.000000 50.000000 50.000000 1.000000 1.000000 padrao 
8 50.000000 550.000000 50.000000 50.000000 1.000000 1.000000 padrao 
8 100.000000 550.000000 50.000000 50.000000 1.000000 1.000000 padrao 
8 150.000000 550.000000 50.000000 50.000000 1.000000 1.000000 padrao 
8 200.000000 550.000000 50.000000 50.000000 1.000000 1.000000 padrao 
8 250.000000 550.000000 50.000000 50.000000 1.000000 1.000000 padrao 
8 300.000000 550.000000 50.000000 50.000000 1.000000 1.000000 padrao 
8 350.000000 550.000000 50.000000 50.000000 1.000000 1.000000 padrao 
8 400.000000 550.000000 50.000000 50.000000 1.000000 1.000000 padrao 
8 450.000000 550.000000 50.000000 50.000000 1.000000 1.000000 padrao 
8 500.000000 550.000000 50.000000 50.000000 1.000000 1.000000 padrao 
8 550.000000 550.000000 50.000000 50.000000 1.000000 1.000000 padrao 
8 600.000000 550.000000 50.000000 50.000000 1.000000 1.000000 padrao 
8 650.000000 550.000000 50.000000 50.000000 1.000000 1.000000 padrao 
8 700.000000 550.000000 50.000000 50.000000 1.000000 1.000000 padrao 
8 750.000000 550.000000 50.000000 50.000000 1.000000 1.000000 padrao 
8 800.000000 550.000000 50.000000 50.000000 1.000000 1.000000 padrao 
8 850.000000 550.000000 50.000000 50.000000 1.000000 1.000000 padrao 
8 900.000000 550.000000 50.000000 50.000000 1.000000 1.000000 padrao 
8 950.000000 550.000000 50.000000 50.000000 1.000000 1.000000 padrao 
8 1000.000000 550.000000 50.000000 50.000000 1.000000 1.000000 padrao 
8 1050.000000 550.000000 50.000000 50.000000 1.000000 1.000000 padrao 
8 1100.000000 550.000000 50.000000 50.000000 1.000000 1.000000 padrao 
8 1150.000000 550.000000 50.000000 50.000000 1.000000 1.000000 padrao 
8 1200.000000 550.000000 50.000000 50.000000 1.000000 1.000000 padrao 
8 1250.000000 550.000000 50.000000 50.000000 1.000000 1.000000 padrao 
8 1300.000000 550.000000 50.000000 50.000000 1.000000 1.000000 padrao 
8 1350.000000 550.000000 50.000000 50.000000 1.000000 1.000000 padrao 
8 1400.000000 550.000000 50.000000 50.000000 1.000000 1.000000 padrao 
8 1450.000000 550.000000 50.000000 50.000000 1.000000 1.000000 padrao 
8 1500.000000 550.000000 50.000000 50.000000 1.000000 1.000000 padrao 
8 1550.000000 550.000000 50.000000 50.000000 1.000000 1.000000 padrao 
8 1600.000000 550.000000 50.000000 50.000000 1.000000 1.000000 padrao 
8 1650.000000 550.000000 50.000000 50.000000 1.000000 1.000000 padrao 
8 1700.000000 550.000000 50.000000 50.000000 1.000000 1.000000 padrao 
8 1750.000000 550.000000 50.000000 50.000000 1.000000 1.000000 padrao 
8 1800.000000 550.000000 50.000000 50.000000 1.000000 1.000000 padrao 
8 1850.000000 550.000000 50.000000 50.000000 1.000000 1.000000 padrao 
8 1900.000000 550.000000 50.000000 50.000000 1.000000 1.000000 padrao 
8 1950.000000 550.000000 50.000000 50.000000 1.000000 1.000000 padrao 
8 2000.000000 550.000000 50.000000 50.000000 1.000000 1.000000 padrao 
8 2050.000000 550.000000 50.000000 50.000000 1.000000 1.000000 padrao 
8 2100.000000 550.000000 50.000000 50.000000 1.000000 1.000000 padrao 
8 2150.000000 550.000000 50.000000 50.000000 1.000000 1.000000 padrao 
8 2200.000000 550.000000 50.000000 50.000000 1.000000 1.000000 padrao 
8 2250.000000 550.000000 50.000000 50.000000 1.000000 1.000000 padrao 
8 2300.000000 550.000000 50.000000 50.000000 1.000000 1.000000 padrao 
8 2350.000000 550.000000 50.000000 50.000000 1.000000 1.000000 padrao 
8 2400.000000 550.000000 50.000000 50.000000 1.000000 1.000000 padrao 
8 2450.000000 550.000000 50.000000 50.000000 1.000000 1.000000 padrao 
8 2500.000000 550.000000 50.000000 50.000000 1.000000 1.000000 padrao 
8 2550.000000 550.000000 50.000000 50.000000 1.000000 1.000000 padrao 
8 2600.000000 550.000000 50.000000 50.000000 1.000000 1.000000 padrao 
8 2650.000000 550.000000 50.000000 50.000000 1.000000 1.000000 padrao 
8 2700.000000 550.000000 50.000000 50.000000 1.000000 1.000000 padrao 
8 2750.000000 550.000000 50.000000 50.000000 1.000000 1.000000 padrao 
8 2800.000000 550.000000 50.000000 50.000000 1.000000 1.000000 padrao 
8 2850.000000 550.000000 50.000000 50.000000 1.000000 1.000000 padrao 
8 2900.000000 550.000000 50.000000 50.000000 1.000000 1.000000 padrao 
8 2950.000000 550.000000 50.000000 50.000000 1.000000 1.000000 padrao 
8 3000.000000 550.000000 50.000000 50.000000 1.000000 1.000000 padrao 
8 3050.000000 550.000000 50.000000 50.000000 1.000000 1.000000 padrao 
8 3100.000000 550.000000 50.000000 50.000000 1.000000 1.000000 padrao 
8 3150.000000 550.000000 50.000000 50.000000 1.000000 1.000000 padrao 
8 3200.000000 550.000000 50.000000 50.000000 1.000000 1.000000 padrao 
8 3250.000000 550.000000 50.000000 50.000000 1.000000 1.000000 padrao 
8 3300.000000 550.000000 50.000000 50.000000 1.000000 1.000000 padrao 
8 3350.000000 550.000000 50.000000 50.000000 1.000000 1.000000 padrao 
8 3400.000000 550.000000 50.000000 50.000000 1.000000 1.000000 padrao 
8 3450.000000 550.000000 50.000000 50.000000 1.000000 1.000000 padrao 
8 3500.000000 550.000000 50.000000 50.000000 1.000000 1.000000 padrao 
8 3550.000000 550.000000 50.000000 50.000000 1.000000 1.000000 padrao 
8 3600.000000 550.000000 50.000000 50.000000 1.000000 1.000000 padrao 
8 3650.000000 550.000000 50.000000 50.000000 1.000000 1.000000 padrao 
8 3700.000000 550.000000 50.000000 50.000000 1.000000 1.000000 padrao 
8 3750.000000 550.000000 50.000000 50.000000 1.000000 1.000000 padrao 
8 3800.000000 550.000000 50.000000 50.000000 1.000000 1.000000 padrao 
8 3850.000000 550.000000 50.000000 50.000000 1.000000 1.000000 padrao 
8 3900.000000 550.000000 50.000000 50.000000 1.000000 1.000000 padrao 
8 3950.000000 550.000000 50.000000 50.000000 1.000000 1.000000 padrao 
8 4000.000000 550.000000 50.000000 50.000000 1.000000 1.000000 padrao 
8 4050.000000 550.000000 50.000000 50.000000 1.000000 1.000000 padrao 
8 4100.000000 550.000000 50.000000 50.000000 1.000000 1.000000 padrao 
8 4150.000000 550.000000 50.000000 50.000000 1.000000 1.000000 padrao 
8 4200.000000 550.000000 50.000000 50.000000 1.000000 1.000000 padrao 
8 4250.000000 550.000000 50.000000 50.000000 1.000000 1.000000 padrao 
8 4300.000000 550.000000 50.000000 50.000000 1.000000 1.000000 padrao 
8 4350.000000 550.000000 50.000000 50.000000 1.000000 1.000000 padrao 
8 4400.000000 550.000000 50.000000 50.000000 1.000000 1.000000 padrao 
8 4450.000000 550.000000 50.000000 50.000000 1.000000 1.000000 padrao 
8 4500.000000 550.000000 50.000000 50.000000 1.000000 1.000000 padrao 
8 4550.000000 550.000000 50.000000 50.000000 1.000000 1.000000 padrao 
8 4600.000000 550.000000 50.000000 50.000000 1.000000 1.000000 padrao 
8 4650.000000 550.000000 50.000000 50.000000 1.000000 1.000000 padrao 
8 4700.000000 550.000000 50.000000 50.000000 1.000000 1.000000 padrao 
8 4750.000000 550.000000 50.000000 50.000000 1.000000 1.000000 padrao 
8 4800.000000 550.000000 50.000000 50.000000 1.000000 1.000000 padrao 
8 4850.000000 550.000000 50.000000 50.000000 1.000000 1.000000 padrao 
8 4900.000000 550.000000 50.000000 50.000000 1.000000 1.000000 padrao 
8 4950.000000 550.000000 50.000000 50.000000 1.000000 1.000000 padrao 
8 5000.000000 550.000000 50.000000 50.000000 1.000000 1.000000 padrao 
8 5050.000000 550.000000 50.000000 50.000000 1.000000 1.000000 padrao 
8 5100.000000 550.000000 50.000000 50.000000 1.000000 1.000000 padrao 
8 5150.000000 550.000000 50.000000 50.000000 1.000000 1.000000 padrao 
8 5200.000000 550.000000 50.000000 50.000000 1.000000 1.000000 padrao 
8 5250.000000 550.000000 50.000000 50.000000 1.000000 1.000000 padrao 
8 5300.000000 550.000000 50.000000 50.000000 1.000000 1.000000 padrao 
8 5350.000000 550.000000 50.000000 50.000000 1.000000 1.000000 padrao 
8 5400.000000 550.000000 50.000000 50.000000 1.000000 1.000000 padrao 
8 5450.000000 550.000000 50.000000 50.000000 1.000000 1.000000 padrao 
8 5500.000000 50.000000 50.000000 50.000000 1.000000 1.000000 parede 
8 5500.000000 100.000000 50.000000 50.000000 1.000000 1.000000 parede 
8 5500.000000 150.000000 50.000000 50.000000 1.000000 1.000000 parede 
8 5500.000000 200.000000 50.000000 50.000000 1.000000 1.000000 parede 
8 5500.000000 250.000000 50.000000 50.000000 1.000000 1.000000 parede 
8 5500.000000 300.000000 50.000000 50.000000 1.000000 1.000000 parede 
8 5500.000000 350.000000 50.000000 50.000000 1.000000 1.000000 parede 
8 5500.000000 400.000000 50.000000 50.000000 1.000000 1.000000 parede 
8 5500.000000 450.000000 50.000000 50.000000 1.000000 1.000000 parede 
8 5500.000000 500.000000 50.000000 50.000000 1.000000 1.000000 parede 
8 5500.000000 550.000000 50.000000 50.000000 1.000000 1.000000 parede 
50 300.000000 530.000000 50.000000 50.000000 40.000000 
50 325.000000 530.000000 50.000000 50.000000 40.000000 
44 -50.000000 483.894653 80.000000 50.000000 1.000000 1.000000 flutuante1 0 550.000000 400.000000 0 0 0.000000 0.147400 
8 150.000000 400.000000 50.000000 50.000000 1.000000 1.000000 flutuante2 
8 200.000000 400.000000 50.000000 50.000000 1.000000 1.000000 flutuante2 
8 250.000000 400.000000 50.000000 50.000000 1.000000 1.000000 flutuante2 
8 300.000000 400.000000 50.000000 50.000000 1.000000 1.000000 flutuante2 
8 350.000000 400.000000 50.000000 50.000000 1.000000 1.000000 flutuante2 
44 450.000000 483.894653 80.000000 50.000000 1.000000 1.000000 flutuante1 0 560.000000 400.000000 0 0 0.000000 0.147400 
44 950.000000 483.894653 80.000000 50.000000 1.000000 1.000000 flutuante1 0 550.000000 400.000000 0 0 0.000000 0.147400 
8 1150.000000 400.000000 50.000000 50.000000 1.000000 1.000000 flutuante2 
8 1200.000000 400.000000 50.000000 50.000000 1.000000 1.000000 flutuante2 
8 1250.000000 400.000000 50.000000 50.000000 1.000000 1.000000 flutuante2 
8 1300.000000 400.000000 50.000000 50.000000 1.000000 1.000000 flutuante2 
8 1350.000000 400.000000 50.000000 50.000000 1.000000 1.000000 flutuante2 
44 1533.895752 400.000000 80.000000 50.000000 1.000000 1.000000 flutuante1 1 1610.000000 1450.000000 0 0 0.147400 0.000000 
47 -225 5450 150 250 ========== 
